{
 "cells": [
  {
   "cell_type": "markdown",
   "metadata": {},
   "source": [
    "# Query Expansion"
   ]
  },
  {
   "cell_type": "markdown",
   "metadata": {},
   "source": [
    "0) Just some imports"
   ]
  },
  {
   "cell_type": "code",
   "execution_count": 1,
   "metadata": {},
   "outputs": [],
   "source": [
    "import re\n",
    "import math\n",
    "import numpy as np\n",
    "import common as cm"
   ]
  },
  {
   "cell_type": "markdown",
   "metadata": {},
   "source": [
    "# 1) Simple search engine"
   ]
  },
  {
   "cell_type": "markdown",
   "metadata": {},
   "source": [
    "1.1) Get acquainted with the below class. There are several TODOs. However, DO NOT complete them now. "
   ]
  },
  {
   "cell_type": "code",
   "execution_count": 2,
   "metadata": {},
   "outputs": [
    {
     "name": "stdout",
     "output_type": "stream",
     "text": [
      "['aaai', 'about', 'academic', 'access', 'acquired', 'acquisition', 'action', 'activity', 'actual', 'adaptive', 'add', 'advance', 'agricultural', 'aha', 'aim', 'alert', 'algorithm', 'all', 'analysis', 'and', 'announcement', 'answer', 'anyone', 'application', 'applied', 'apply', 'applying', 'approach', 'approache', 'april', 'archive', 'are', 'area', 'areas', 'article', 'artificial', 'asked', 'august', 'author', 'automated', 'automatically', 'autonomous', 'available', 'awards', 'backend', 'backgammon', 'baldi', 'based', 'basic', 'bayesian']\n"
     ]
    }
   ],
   "source": [
    "class Dictionary:\n",
    "    def __init__(self):\n",
    "        ### keeps unique terms (SORTED!)\n",
    "        self.terms = self.loadTerms(\"terms.txt\")\n",
    "        self.idfs = [] ### IDF coefficients\n",
    "        self.corM = [] ### a correlation matrix\n",
    "\n",
    "    ### load terms\n",
    "    def loadTerms(self, fileName):\n",
    "        file = open(fileName,'r', encoding='utf-8-sig')\n",
    "        k = [self.proc(s) for s in file.readlines()]\n",
    "        k.sort()\n",
    "        return k\n",
    "\n",
    "    ### ignore it\n",
    "    def proc(self, s):\n",
    "        if s[-1] == '\\n': return s[:-1]\n",
    "        else: return s\n",
    "    \n",
    "    ### TODO (DO NOT FINISH THIS METHOD YET. YOU WILL BE ASKED FOR IT LATER) \n",
    "    # DONE\n",
    "    def computeIDFs(self, documents):\n",
    "        self.idfs = []\n",
    "        for term in self.terms:\n",
    "            occurences = sum([doc.tokens.count(term) for doc in documents])\n",
    "            self.idfs.append(math.log2(len(documents) / occurences))\n",
    "    \n",
    "    ### TODO (DO NOT FINISH THIS METHOD YET. YOU WILL BE ASKED FOR IT LATER) \n",
    "    # DONE\n",
    "    def computeCorM(self, documents):\n",
    "        self.corM = []\n",
    "        for doc1 in documents:\n",
    "            row = []\n",
    "            for doc2 in documents:\n",
    "                a = set(doc1.tokens).intersection(set(doc2.tokens))\n",
    "                t = set(doc1.tokens).union(set(doc2.tokens))\n",
    "                if doc1 == doc2:\n",
    "                    row.append(-1.0)\n",
    "                else:\n",
    "                    row.append(len(a)/len(t))\n",
    "            self.corM.append(row)\n",
    "        \n",
    "\n",
    "### SOME DEBUG\n",
    "dictionary = Dictionary()\n",
    "print(dictionary.terms[:50])"
   ]
  },
  {
   "cell_type": "markdown",
   "metadata": {},
   "source": [
    "1.2) Load files: here we load some example collection of documents. RAW_DOCUMENTS = just strings. Check if the documents are loaded correctly (e.g., print RAW_DOCUMENTS[0])"
   ]
  },
  {
   "cell_type": "code",
   "execution_count": 3,
   "metadata": {},
   "outputs": [
    {
     "name": "stdout",
     "output_type": "stream",
     "text": [
      "David W. Aha:  Machine Learning Page\n",
      " Machine Learning Resources. Suggestions welcome. ... (WizRule); ZDM Scientific\n",
      " Ltd. Conference Announcements. Courses on Machine Learning. Data Repositories. ... \n",
      " Description: Comprehensive machine learning resources from Applications to Tutorials.\n",
      "\n"
     ]
    }
   ],
   "source": [
    "RAW_DOCUMENTS = cm.loadDocuments(\"documents.txt\")\n",
    "### SOME DEBUG\n",
    "print(RAW_DOCUMENTS[0])"
   ]
  },
  {
   "cell_type": "code",
   "execution_count": 4,
   "metadata": {},
   "outputs": [
    {
     "name": "stdout",
     "output_type": "stream",
     "text": [
      "['david', 'aha', 'machine', 'learning', 'page', 'machine', 'learning', 'resource', 'suggestion', 'welcome', 'wizrule', 'zdm', 'scientific', 'ltd', 'conference', 'announcement', 'course', 'machine', 'learning', 'data', 'repository', 'description', 'comprehensive', 'machine', 'learning', 'resource', 'from', 'application', 'tutorials']\n"
     ]
    }
   ],
   "source": [
    "### SOME DEBUG, JUST RUN; check if (a) common.py is imported correctly and (b) \n",
    "### tokens are correctly derived from some document (e.g., RAW_DOCUMENTS[0])\n",
    "print(cm.simpleTextProcessing(RAW_DOCUMENTS[0], re))"
   ]
  },
  {
   "cell_type": "markdown",
   "metadata": {},
   "source": [
    "1.3) Get acquainted with the below class. "
   ]
  },
  {
   "cell_type": "code",
   "execution_count": 5,
   "metadata": {},
   "outputs": [],
   "source": [
    "class Document:\n",
    "    def __init__(self, doc_id, raw_document, dictionary):\n",
    "        self.doc_id = doc_id ### DOC ID, simply 0,1,2,3....\n",
    "        self.raw_document = raw_document ### raw data, i.e., string data\n",
    "        self.dictionary = dictionary # reference to the dictionary\n",
    "        \n",
    "        ### DOCUMENT REPRESENTATIONS\n",
    "        self.tokens = cm.simpleTextProcessing(raw_document, re) ### get terms\n",
    "        self.bow = [] # Bag Of Words (BOW - number of term occurences)\n",
    "        self.tf = [] # TF representation\n",
    "        self.tf_idf = [] # TF-IDF representation\n",
    "\n",
    "    ### TODO - complete this method; it should compute a BOW representation\n",
    "    ## DONE: implemented version with number of occurences\n",
    "    def computeBOW_Representation(self):\n",
    "        self.bow = []\n",
    "        for term in self.dictionary.terms:\n",
    "            self.bow.append(self.tokens.count(term))\n",
    "    \n",
    "    ### TODO - complete this method; it should compute a TF representation\n",
    "    # DONE\n",
    "    def computeTF_Representation(self):\n",
    "        self.tf = []\n",
    "        max_number = max(self.bow)\n",
    "        for number in self.bow:\n",
    "            self.tf.append(number / max_number)\n",
    "    \n",
    "    ### TODO - complete this method; it should compute a TFxIDF representation \n",
    "    ### (important: it should not be run before dictionary.idfs are not computed!)\n",
    "    # DONE\n",
    "    def computeTF_IDF_Representation(self):\n",
    "        self.tf_idf = []\n",
    "        for i, idf in enumerate(self.dictionary.idfs):\n",
    "            self.tf_idf.append(idf * self.tf[i])\n",
    "    \n",
    "    def computeRepresentations(self):\n",
    "        self.computeBOW_Representation()\n",
    "        self.computeTF_Representation()\n",
    "        self.computeTF_IDF_Representation()\n",
    "    \n",
    "documents = [Document(i, RAW_DOCUMENTS[i], dictionary) for i in range(len(RAW_DOCUMENTS))]"
   ]
  },
  {
   "cell_type": "markdown",
   "metadata": {},
   "source": [
    "1.4) Compute IDFs here"
   ]
  },
  {
   "cell_type": "code",
   "execution_count": 6,
   "metadata": {},
   "outputs": [
    {
     "name": "stdout",
     "output_type": "stream",
     "text": [
      "[['working', 6.459431618637297], ['www', 6.459431618637297], ['york', 6.459431618637297], ['young', 6.459431618637297], ['zdm', 6.459431618637297]]\n",
      "[['learning', -1.3797721694596468], ['machine', -1.3479233034203069], ['the', -0.14048122354983045], ['and', 0.11958161575267245], ['for', 1.1375035237499351]]\n"
     ]
    }
   ],
   "source": [
    "### TODO COMPUTE IDFS HERE (FINISH THE PROPER METHOD OF THE DICTIONARY CLASS - DO NOT FORGET TO RE-RUN THE CELL)\n",
    "dictionary.computeIDFs(documents)\n",
    "\n",
    "### SOME DEBUG\n",
    "res = [[dictionary.terms[i], dictionary.idfs[i]] for i in range(len(dictionary.terms))]\n",
    "res.sort(key = lambda x: x[1])\n",
    "# LEAST COMMON WORDS - HIGH IDF\n",
    "print(res[-5:])\n",
    "# MOST COMMON WORDS - LOW IDF\n",
    "print(res[:5])"
   ]
  },
  {
   "cell_type": "markdown",
   "metadata": {},
   "source": [
    "1.5) Compute the document representations (for each document run computeRepresentations())"
   ]
  },
  {
   "cell_type": "code",
   "execution_count": 7,
   "metadata": {},
   "outputs": [
    {
     "name": "stdout",
     "output_type": "stream",
     "text": [
      "[0, 0, 0, 0, 0, 0, 0, 0, 0, 0, 0, 0, 0, 1, 0, 0, 0, 0, 0, 0, 1, 0, 0, 1, 0, 0, 0, 0, 0, 0]\n",
      "[0.0, 0.0, 0.0, 0.0, 0.0, 0.0, 0.0, 0.0, 0.0, 0.0, 0.0, 0.0, 0.0, 1.1148579046593243, 0.0, 0.0, 0.0, 0.0, 0.0, 0.0, 1.3648579046593243, 0.0, 0.0, 0.8223766542987463, 0.0, 0.0, 0.0, 0.0, 0.0, 0.0]\n"
     ]
    }
   ],
   "source": [
    "for d in documents: d.computeRepresentations()\n",
    "### SOME DEBUG (you should see some 4s - which terms are these?)\n",
    "print(documents[0].bow[:30])\n",
    "print(documents[0].tf_idf[:30])"
   ]
  },
  {
   "cell_type": "markdown",
   "metadata": {},
   "source": [
    "1.6) Finish the below method. It should compute and return a cosine similarity (v1 and v2 are two vectors - tf-idf representations)"
   ]
  },
  {
   "cell_type": "code",
   "execution_count": 8,
   "metadata": {},
   "outputs": [],
   "source": [
    "### TODO \n",
    "# DONE\n",
    "def getSimilarity(v1, v2):\n",
    "    numerator, denominatorV1, denominatorV2 = 0, 0, 0\n",
    "    for i in range(len(v1)):\n",
    "        numerator += v1[i] * v2[i]\n",
    "        denominatorV1 += v1[i] * v1[i]\n",
    "        denominatorV2 += v2[i] * v2[i]\n",
    "    return numerator / math.sqrt(denominatorV1 * denominatorV2)"
   ]
  },
  {
   "cell_type": "markdown",
   "metadata": {},
   "source": [
    "1.7) Run the below script for different queries. getTopResults seeks for documents being the most similar/relevant to the query. Do you find the results satisfactory?"
   ]
  },
  {
   "cell_type": "code",
   "execution_count": 9,
   "metadata": {},
   "outputs": [],
   "source": [
    "#query = \"machine learning\"\n",
    "#query = \"academic research\"\n",
    "#query = \"international conference\"\n",
    "query = \"international conference washington\""
   ]
  },
  {
   "cell_type": "code",
   "execution_count": 10,
   "metadata": {},
   "outputs": [
    {
     "name": "stdout",
     "output_type": "stream",
     "text": [
      "RANK = 1 WITH SIMILARITY = 0.4616849938054148 | DOC ID = 76\n",
      "ICML 2003\n",
      " The Twentieth International Conference on Machine Learning (ICML-2003).\n",
      " August 21-24, 2003 Washington, DC USA. The Twentieth International ... \n",
      "\n",
      "\n",
      "RANK = 2 WITH SIMILARITY = 0.2984957010826983 | DOC ID = 86\n",
      "International Conferences on Machine Learning and Applications\n",
      " The 2002 International Conferences on Machine Learning and Applications The\n",
      " 2003 International Conferences on Machine Learning and Applications. \n",
      "\n",
      "\n",
      "RANK = 3 WITH SIMILARITY = 0.18888157624160318 | DOC ID = 19\n",
      "1998 International Machine Learning Conference\n",
      " (larger version of cover). The Fifteenth International Conference on Machine Learning.\n",
      " The on-line schedule for ICML-98 contains links to many of the papers. ... \n",
      " Description: The Fifteenth International Conference on Machine Learning. July 24-27, 1998 in Madison, Wisconsin.\n",
      "\n",
      "\n",
      "RANK = 4 WITH SIMILARITY = 0.1379014811828771 | DOC ID = 41\n",
      "ICML-2000\n",
      " Seventeenth International Conference on Machine Learning. Stanford University. ... Tutorials\n",
      " on Commercial Applications of Machine Learning and Data Mining [new]. ... \n",
      " Description: Seventeenth International Conference on Machine Learning. Stanford University June 29-July 2, 2000.\n",
      "\n",
      "\n",
      "RANK = 5 WITH SIMILARITY = 0.12791722550990375 | DOC ID = 35\n",
      "ICML-2001\n",
      " The Eighteenth International Conference on Machine Learning (ICML-2001). Williams\n",
      " College. ... Previous meetings on machine learning: ICML-2k, ICML-99, ICML-98. ... \n",
      " Description: The Eighteenth International Conference on Machine Learning. Williams College (Massachusetts), June...\n",
      "\n",
      "\n"
     ]
    }
   ],
   "source": [
    "def getTopResults(query, documents, dictionary, similarity, top = 5):\n",
    "    qd = Document(-1, query, dictionary)\n",
    "    qd.computeRepresentations()\n",
    "    ranks = [[d, getSimilarity(d.tf_idf, qd.tf_idf)] for d in documents]\n",
    "    ranks.sort(key=lambda x: -x[1])\n",
    "    for i in range(top):\n",
    "        print(\"RANK = \" + str(i+1) + \" WITH SIMILARITY = \" + str(ranks[i][1]) + \" | DOC ID = \" + str(ranks[i][0].doc_id))\n",
    "        print(ranks[i][0].raw_document)\n",
    "        print(\"\")\n",
    "\n",
    "getTopResults(query, documents, dictionary, getSimilarity, top = 5)"
   ]
  },
  {
   "cell_type": "markdown",
   "metadata": {},
   "source": [
    "# 2) Query expansion"
   ]
  },
  {
   "cell_type": "markdown",
   "metadata": {},
   "source": [
    "## 2.1) Correlation matrix"
   ]
  },
  {
   "cell_type": "markdown",
   "metadata": {},
   "source": [
    "2.1.1) Finish dictionary.computeCorM method (see class Dictionary). It should generate a correlation matrix (correlation between terms).\n",
    "\n",
    "IMPORTANT: although corM[ i ][ i ] (for each i) should be 1.0, set it to -1.0"
   ]
  },
  {
   "cell_type": "code",
   "execution_count": 11,
   "metadata": {},
   "outputs": [
    {
     "name": "stdout",
     "output_type": "stream",
     "text": [
      "[[-1.0, 0.15, 0.15789473684210525, 0.06060606060606061, 0.08888888888888889, 0.08571428571428572, 0.08108108108108109, 0.12903225806451613, 0.08333333333333333, 0.06976744186046512, 0.02631578947368421, 0.08333333333333333, 0.11428571428571428, 0.06976744186046512, 0.05714285714285714, 0.08571428571428572, 0.11428571428571428, 0.09375, 0.08695652173913043, 0.10526315789473684, 0.0625, 0.1282051282051282, 0.06666666666666667, 0.06818181818181818, 0.08108108108108109, 0.05555555555555555, 0.1282051282051282, 0.08695652173913043, 0.0625, 0.125, 0.13513513513513514, 0.09090909090909091, 0.05714285714285714, 0.08823529411764706, 0.1724137931034483, 0.12903225806451613, 0.08108108108108109, 0.16666666666666666, 0.07894736842105263, 0.10714285714285714, 0.08823529411764706, 0.22580645161290322, 0.1111111111111111, 0.05263157894736842, 0.08695652173913043, 0.07407407407407407, 0.05555555555555555, 0.1, 0.12195121951219512, 0.0967741935483871, 0.08108108108108109, 0.10638297872340426, 0.08888888888888889, 0.09090909090909091, 0.06060606060606061, 0.08333333333333333, 0.0967741935483871, 0.11904761904761904, 0.06060606060606061, 0.05555555555555555, 0.08571428571428572, 0.10344827586206896, 0.37037037037037035, 0.10714285714285714, 0.07317073170731707, 0.0625, 0.07692307692307693, 0.0625, 0.09090909090909091, 0.09375, 0.05714285714285714, 0.08108108108108109, 0.08333333333333333, 0.07317073170731707, 0.1111111111111111, 0.058823529411764705, 0.10344827586206896, 0.10714285714285714, 0.09090909090909091, 0.14285714285714285, 0.05, 0.058823529411764705, 0.07407407407407407, 0.08571428571428572, 0.06451612903225806, 0.08823529411764706, 0.16, 0.05555555555555555], [0.15, -1.0, 0.12195121951219512, 0.05714285714285714, 0.10869565217391304, 0.08108108108108109, 0.07692307692307693, 0.08823529411764706, 0.10810810810810811, 0.11627906976744186, 0.05128205128205128, 0.1388888888888889, 0.10810810810810811, 0.06666666666666667, 0.08333333333333333, 0.08108108108108109, 0.10810810810810811, 0.05714285714285714, 0.15555555555555556, 0.1, 0.09090909090909091, 0.12195121951219512, 0.08695652173913043, 0.1951219512195122, 0.2, 0.05263157894736842, 0.15, 0.10638297872340426, 0.09090909090909091, 0.05555555555555555, 0.07317073170731707, 0.15151515151515152, 0.18181818181818182, 0.08333333333333333, 0.125, 0.08823529411764706, 0.07692307692307693, 0.1935483870967742, 0.10256410256410256, 0.06451612903225806, 0.11428571428571428, 0.1111111111111111, 0.13043478260869565, 0.13513513513513514, 0.10638297872340426, 0.06896551724137931, 0.05263157894736842, 0.1794871794871795, 0.11627906976744186, 0.058823529411764705, 0.10526315789473684, 0.125, 0.18604651162790697, 0.05555555555555555, 0.08823529411764706, 0.08, 0.125, 0.08888888888888889, 0.08823529411764706, 0.14285714285714285, 0.08108108108108109, 0.0625, 0.14705882352941177, 0.06451612903225806, 0.06976744186046512, 0.058823529411764705, 0.047619047619047616, 0.058823529411764705, 0.05555555555555555, 0.08823529411764706, 0.05405405405405406, 0.10526315789473684, 0.1388888888888889, 0.09523809523809523, 0.10344827586206896, 0.15151515151515152, 0.0625, 0.13793103448275862, 0.08571428571428572, 0.0967741935483871, 0.07317073170731707, 0.08571428571428572, 0.10714285714285714, 0.08108108108108109, 0.09375, 0.11428571428571428, 0.10714285714285714, 0.05263157894736842], [0.15789473684210525, 0.12195121951219512, -1.0, 0.12903225806451613, 0.11363636363636363, 0.11764705882352941, 0.14285714285714285, 0.16666666666666666, 0.11428571428571428, 0.15, 0.02631578947368421, 0.14705882352941177, 0.11428571428571428, 0.12195121951219512, 0.05714285714285714, 0.11764705882352941, 0.11428571428571428, 0.06060606060606061, 0.1111111111111111, 0.10526315789473684, 0.13333333333333333, 0.15789473684210525, 0.11627906976744186, 0.09302325581395349, 0.1111111111111111, 0.08571428571428572, 0.15789473684210525, 0.13636363636363635, 0.0967741935483871, 0.09090909090909091, 0.07692307692307693, 0.09090909090909091, 0.12121212121212122, 0.08823529411764706, 0.0967741935483871, 0.12903225806451613, 0.1111111111111111, 0.20689655172413793, 0.10810810810810811, 0.10714285714285714, 0.08823529411764706, 0.15151515151515152, 0.16279069767441862, 0.1111111111111111, 0.1111111111111111, 0.07407407407407407, 0.08571428571428572, 0.15789473684210525, 0.15, 0.0967741935483871, 0.14285714285714285, 0.10638297872340426, 0.13953488372093023, 0.09090909090909091, 0.12903225806451613, 0.08333333333333333, 0.0625, 0.175, 0.09375, 0.11764705882352941, 0.08571428571428572, 0.06666666666666667, 0.05714285714285714, 0.10714285714285714, 0.1282051282051282, 0.0625, 0.13513513513513514, 0.0625, 0.09090909090909091, 0.09375, 0.12121212121212122, 0.08108108108108109, 0.11428571428571428, 0.1282051282051282, 0.07142857142857142, 0.09090909090909091, 0.10344827586206896, 0.06896551724137931, 0.09090909090909091, 0.14285714285714285, 0.07692307692307693, 0.125, 0.07407407407407407, 0.11764705882352941, 0.1, 0.15625, 0.16, 0.08571428571428572], [0.06060606060606061, 0.05714285714285714, 0.12903225806451613, -1.0, 0.17647058823529413, 0.16, 0.19230769230769232, 0.13043478260869565, 0.07142857142857142, 0.08823529411764706, 0.0, 0.1111111111111111, 0.1111111111111111, 0.15625, 0.12, 0.11538461538461539, 0.07142857142857142, 0.08333333333333333, 0.1388888888888889, 0.1, 0.19047619047619047, 0.09375, 0.11428571428571428, 0.08571428571428572, 0.14814814814814814, 0.2608695652173913, 0.20689655172413793, 0.05128205128205128, 0.13636363636363635, 0.125, 0.06451612903225806, 0.125, 0.07692307692307693, 0.07692307692307693, 0.13636363636363635, 0.13043478260869565, 0.14814814814814814, 0.13043478260869565, 0.10344827586206896, 0.15789473684210525, 0.16666666666666666, 0.07407407407407407, 0.10810810810810811, 0.14814814814814814, 0.07894736842105263, 0.17647058823529413, 0.11538461538461539, 0.09375, 0.12121212121212122, 0.13636363636363635, 0.10714285714285714, 0.075, 0.1111111111111111, 0.125, 0.18181818181818182, 0.10256410256410256, 0.08695652173913043, 0.08571428571428572, 0.18181818181818182, 0.16, 0.07407407407407407, 0.09523809523809523, 0.07692307692307693, 0.15789473684210525, 0.09375, 0.08695652173913043, 0.1, 0.13636363636363635, 0.17391304347826086, 0.08333333333333333, 0.12, 0.06896551724137931, 0.15384615384615385, 0.12903225806451613, 0.10526315789473684, 0.125, 0.15, 0.1, 0.125, 0.15, 0.13793103448275862, 0.17391304347826086, 0.17647058823529413, 0.07407407407407407, 0.14285714285714285, 0.12, 0.17647058823529413, 0.11538461538461539], [0.08888888888888889, 0.10869565217391304, 0.11363636363636363, 0.17647058823529413, -1.0, 0.22857142857142856, 0.0975609756097561, 0.1111111111111111, 0.07317073170731707, 0.1590909090909091, 0.047619047619047616, 0.1891891891891892, 0.1, 0.13333333333333333, 0.13513513513513514, 0.10256410256410256, 0.1, 0.05263157894736842, 0.1956521739130435, 0.11904761904761904, 0.14705882352941177, 0.16666666666666666, 0.10416666666666667, 0.10638297872340426, 0.15384615384615385, 0.075, 0.225, 0.1, 0.08333333333333333, 0.07894736842105263, 0.06818181818181818, 0.07894736842105263, 0.10526315789473684, 0.16666666666666666, 0.14705882352941177, 0.1111111111111111, 0.15384615384615385, 0.1111111111111111, 0.1794871794871795, 0.09090909090909091, 0.10526315789473684, 0.10256410256410256, 0.1702127659574468, 0.15384615384615385, 0.12244897959183673, 0.0967741935483871, 0.075, 0.11363636363636363, 0.1590909090909091, 0.08333333333333333, 0.15384615384615385, 0.11764705882352941, 0.17391304347826086, 0.10810810810810811, 0.14285714285714285, 0.14, 0.05405405405405406, 0.13043478260869565, 0.1111111111111111, 0.13157894736842105, 0.04878048780487805, 0.12121212121212122, 0.07692307692307693, 0.16129032258064516, 0.08888888888888889, 0.08333333333333333, 0.09302325581395349, 0.08333333333333333, 0.1388888888888889, 0.08108108108108109, 0.10526315789473684, 0.0975609756097561, 0.1282051282051282, 0.16666666666666666, 0.06060606060606061, 0.10810810810810811, 0.08823529411764706, 0.09090909090909091, 0.1388888888888889, 0.12121212121212122, 0.20512820512820512, 0.17142857142857143, 0.0967741935483871, 0.075, 0.08571428571428572, 0.13513513513513514, 0.13333333333333333, 0.04878048780487805], [0.08571428571428572, 0.08108108108108109, 0.11764705882352941, 0.16, 0.22857142857142856, -1.0, 0.0967741935483871, 0.11538461538461539, 0.1, 0.1111111111111111, 0.03125, 0.13793103448275862, 0.1, 0.08108108108108109, 0.10714285714285714, 0.10344827586206896, 0.17857142857142858, 0.07407407407407407, 0.1, 0.125, 0.21739130434782608, 0.1875, 0.07692307692307693, 0.07894736842105263, 0.13333333333333333, 0.10344827586206896, 0.22580645161290322, 0.047619047619047616, 0.16666666666666666, 0.1111111111111111, 0.058823529411764705, 0.15384615384615385, 0.10714285714285714, 0.06896551724137931, 0.16666666666666666, 0.11538461538461539, 0.0967741935483871, 0.2608695652173913, 0.06060606060606061, 0.13636363636363635, 0.14814814814814814, 0.14285714285714285, 0.1282051282051282, 0.0967741935483871, 0.07317073170731707, 0.09523809523809523, 0.10344827586206896, 0.11764705882352941, 0.08108108108108109, 0.07692307692307693, 0.0967741935483871, 0.12195121951219512, 0.13157894736842105, 0.1111111111111111, 0.11538461538461539, 0.06976744186046512, 0.12, 0.1388888888888889, 0.16, 0.14285714285714285, 0.10344827586206896, 0.08333333333333333, 0.06896551724137931, 0.13636363636363635, 0.08571428571428572, 0.037037037037037035, 0.09090909090909091, 0.07692307692307693, 0.1111111111111111, 0.07407407407407407, 0.10714285714285714, 0.0625, 0.13793103448275862, 0.08571428571428572, 0.09090909090909091, 0.1111111111111111, 0.13043478260869565, 0.08695652173913043, 0.07142857142857142, 0.13043478260869565, 0.125, 0.1111111111111111, 0.15, 0.14285714285714285, 0.17391304347826086, 0.10714285714285714, 0.15, 0.06666666666666667], [0.08108108108108109, 0.07692307692307693, 0.14285714285714285, 0.19230769230769232, 0.0975609756097561, 0.0967741935483871, -1.0, 0.14814814814814814, 0.12903225806451613, 0.10526315789473684, 0.0, 0.12903225806451613, 0.12903225806451613, 0.23529411764705882, 0.1, 0.13333333333333333, 0.12903225806451613, 0.06896551724137931, 0.09523809523809523, 0.15151515151515152, 0.1111111111111111, 0.08108108108108109, 0.1, 0.10256410256410256, 0.125, 0.1724137931034483, 0.1111111111111111, 0.09523809523809523, 0.1111111111111111, 0.10344827586206896, 0.05555555555555555, 0.10344827586206896, 0.06451612903225806, 0.06451612903225806, 0.1111111111111111, 0.14814814814814814, 0.125, 0.10714285714285714, 0.08823529411764706, 0.125, 0.1, 0.0967741935483871, 0.15, 0.09090909090909091, 0.12195121951219512, 0.08695652173913043, 0.13333333333333333, 0.1111111111111111, 0.10526315789473684, 0.1111111111111111, 0.16129032258064516, 0.09090909090909091, 0.125, 0.10344827586206896, 0.14814814814814814, 0.11627906976744186, 0.07142857142857142, 0.10256410256410256, 0.10714285714285714, 0.0967741935483871, 0.0625, 0.07692307692307693, 0.1, 0.125, 0.14285714285714285, 0.07142857142857142, 0.11764705882352941, 0.1111111111111111, 0.10344827586206896, 0.06896551724137931, 0.1, 0.09090909090909091, 0.09375, 0.14285714285714285, 0.08333333333333333, 0.10344827586206896, 0.12, 0.08, 0.06666666666666667, 0.16666666666666666, 0.08571428571428572, 0.10344827586206896, 0.08695652173913043, 0.0625, 0.11538461538461539, 0.13793103448275862, 0.13636363636363635, 0.0967741935483871], [0.12903225806451613, 0.08823529411764706, 0.16666666666666666, 0.13043478260869565, 0.1111111111111111, 0.11538461538461539, 0.14814814814814814, -1.0, 0.1111111111111111, 0.12121212121212122, 0.034482758620689655, 0.15384615384615385, 0.15384615384615385, 0.08823529411764706, 0.07692307692307693, 0.16, 0.07142857142857142, 0.13043478260869565, 0.1388888888888889, 0.13793103448275862, 0.25, 0.12903225806451613, 0.14705882352941177, 0.11764705882352941, 0.14814814814814814, 0.11538461538461539, 0.12903225806451613, 0.07894736842105263, 0.13636363636363635, 0.2857142857142857, 0.13793103448275862, 0.125, 0.12, 0.12, 0.13636363636363635, 0.13043478260869565, 0.10714285714285714, 0.18181818181818182, 0.10344827586206896, 0.15789473684210525, 0.12, 0.11538461538461539, 0.1388888888888889, 0.14814814814814814, 0.10810810810810811, 0.1111111111111111, 0.11538461538461539, 0.12903225806451613, 0.15625, 0.08695652173913043, 0.14814814814814814, 0.075, 0.14285714285714285, 0.125, 0.18181818181818182, 0.10256410256410256, 0.08695652173913043, 0.11764705882352941, 0.13043478260869565, 0.16, 0.07407407407407407, 0.09523809523809523, 0.12, 0.15789473684210525, 0.12903225806451613, 0.041666666666666664, 0.17857142857142858, 0.08695652173913043, 0.125, 0.13043478260869565, 0.12, 0.14814814814814814, 0.15384615384615385, 0.12903225806451613, 0.10526315789473684, 0.125, 0.15, 0.1, 0.125, 0.15, 0.1, 0.17391304347826086, 0.1111111111111111, 0.11538461538461539, 0.14285714285714285, 0.16666666666666666, 0.25, 0.07407407407407407], [0.08333333333333333, 0.10810810810810811, 0.11428571428571428, 0.07142857142857142, 0.07317073170731707, 0.1, 0.12903225806451613, 0.1111111111111111, -1.0, 0.1388888888888889, 0.030303030303030304, 0.13333333333333333, 0.13333333333333333, 0.07894736842105263, 0.10344827586206896, 0.1, 0.13333333333333333, 0.07142857142857142, 0.125, 0.12121212121212122, 0.11538461538461539, 0.08333333333333333, 0.10256410256410256, 0.16666666666666666, 0.16666666666666666, 0.06451612903225806, 0.08333333333333333, 0.0975609756097561, 0.11538461538461539, 0.10714285714285714, 0.15625, 0.10714285714285714, 0.23076923076923078, 0.06666666666666667, 0.11538461538461539, 0.1111111111111111, 0.09375, 0.1111111111111111, 0.09090909090909091, 0.08333333333333333, 0.14285714285714285, 0.1, 0.07142857142857142, 0.06060606060606061, 0.0975609756097561, 0.09090909090909091, 0.1, 0.11428571428571428, 0.07894736842105263, 0.03571428571428571, 0.09375, 0.09302325581395349, 0.1, 0.06896551724137931, 0.1111111111111111, 0.14634146341463414, 0.11538461538461539, 0.07692307692307693, 0.1111111111111111, 0.1, 0.1, 0.08, 0.18518518518518517, 0.08333333333333333, 0.08333333333333333, 0.07407407407407407, 0.08823529411764706, 0.11538461538461539, 0.06896551724137931, 0.07142857142857142, 0.06666666666666667, 0.09375, 0.13333333333333333, 0.14705882352941177, 0.08695652173913043, 0.10714285714285714, 0.08, 0.08333333333333333, 0.06896551724137931, 0.125, 0.08823529411764706, 0.06896551724137931, 0.14285714285714285, 0.06451612903225806, 0.12, 0.10344827586206896, 0.09090909090909091, 0.06451612903225806], [0.06976744186046512, 0.11627906976744186, 0.15, 0.08823529411764706, 0.1590909090909091, 0.1111111111111111, 0.10526315789473684, 0.12121212121212122, 0.1388888888888889, -1.0, 0.05128205128205128, 0.17142857142857143, 0.1388888888888889, 0.11627906976744186, 0.08333333333333333, 0.1111111111111111, 0.07894736842105263, 0.05714285714285714, 0.13043478260869565, 0.1282051282051282, 0.125, 0.12195121951219512, 0.1111111111111111, 0.08888888888888889, 0.10526315789473684, 0.08108108108108109, 0.15, 0.10638297872340426, 0.09090909090909091, 0.08571428571428572, 0.047619047619047616, 0.15151515151515152, 0.11428571428571428, 0.11428571428571428, 0.125, 0.12121212121212122, 0.13513513513513514, 0.12121212121212122, 0.10256410256410256, 0.1, 0.08333333333333333, 0.14285714285714285, 0.13043478260869565, 0.13513513513513514, 0.13043478260869565, 0.06896551724137931, 0.1111111111111111, 0.12195121951219512, 0.17073170731707318, 0.058823529411764705, 0.16666666666666666, 0.08, 0.13333333333333333, 0.08571428571428572, 0.12121212121212122, 0.125, 0.058823529411764705, 0.13953488372093023, 0.08823529411764706, 0.1111111111111111, 0.08108108108108109, 0.0625, 0.05405405405405406, 0.1, 0.09523809523809523, 0.058823529411764705, 0.1, 0.058823529411764705, 0.15151515151515152, 0.08823529411764706, 0.14705882352941177, 0.10526315789473684, 0.1388888888888889, 0.15, 0.06666666666666667, 0.08571428571428572, 0.0967741935483871, 0.06451612903225806, 0.11764705882352941, 0.13333333333333333, 0.07317073170731707, 0.15151515151515152, 0.06896551724137931, 0.1111111111111111, 0.09375, 0.14705882352941177, 0.14814814814814814, 0.05263157894736842], [0.02631578947368421, 0.05128205128205128, 0.02631578947368421, 0.0, 0.047619047619047616, 0.03125, 0.0, 0.034482758620689655, 0.030303030303030304, 0.05128205128205128, -1.0, 0.13333333333333333, 0.0, 0.0, 0.03225806451612903, 0.03125, 0.030303030303030304, 0.0, 0.046511627906976744, 0.027777777777777776, 0.03571428571428571, 0.02631578947368421, 0.023809523809523808, 0.05, 0.029411764705882353, 0.03125, 0.02631578947368421, 0.046511627906976744, 0.03571428571428571, 0.0, 0.027777777777777776, 0.06896551724137931, 0.06666666666666667, 0.03225806451612903, 0.0, 0.0, 0.0, 0.07142857142857142, 0.02857142857142857, 0.0, 0.03225806451612903, 0.06451612903225806, 0.046511627906976744, 0.029411764705882353, 0.046511627906976744, 0.043478260869565216, 0.0, 0.05405405405405406, 0.025, 0.0, 0.029411764705882353, 0.021739130434782608, 0.047619047619047616, 0.06896551724137931, 0.034482758620689655, 0.0, 0.03571428571428571, 0.024390243902439025, 0.034482758620689655, 0.06451612903225806, 0.03125, 0.0, 0.0, 0.04, 0.0, 0.0, 0.0, 0.0, 0.03333333333333333, 0.034482758620689655, 0.0, 0.029411764705882353, 0.0625, 0.02631578947368421, 0.0, 0.10714285714285714, 0.0, 0.04, 0.03333333333333333, 0.0, 0.05714285714285714, 0.03333333333333333, 0.043478260869565216, 0.03125, 0.037037037037037035, 0.03225806451612903, 0.043478260869565216, 0.0], [0.08333333333333333, 0.1388888888888889, 0.14705882352941177, 0.1111111111111111, 0.1891891891891892, 0.13793103448275862, 0.12903225806451613, 0.15384615384615385, 0.13333333333333333, 0.17142857142857143, 0.13333333333333333, -1.0, 0.13333333333333333, 0.1388888888888889, 0.14285714285714285, 0.13793103448275862, 0.13333333333333333, 0.07142857142857142, 0.18421052631578946, 0.23333333333333334, 0.16, 0.14705882352941177, 0.13157894736842105, 0.13513513513513514, 0.12903225806451613, 0.13793103448275862, 0.18181818181818182, 0.0975609756097561, 0.16, 0.10714285714285714, 0.05714285714285714, 0.14814814814814814, 0.14285714285714285, 0.10344827586206896, 0.11538461538461539, 0.2, 0.16666666666666666, 0.2, 0.16129032258064516, 0.18181818181818182, 0.14285714285714285, 0.17857142857142858, 0.21621621621621623, 0.20689655172413793, 0.15384615384615385, 0.09090909090909091, 0.1, 0.18181818181818182, 0.17142857142857143, 0.07407407407407407, 0.20689655172413793, 0.09302325581395349, 0.1891891891891892, 0.19230769230769232, 0.15384615384615385, 0.14634146341463414, 0.16, 0.16666666666666666, 0.15384615384615385, 0.17857142857142858, 0.13793103448275862, 0.08, 0.06666666666666667, 0.18181818181818182, 0.11428571428571428, 0.07407407407407407, 0.12121212121212122, 0.07407407407407407, 0.19230769230769232, 0.1111111111111111, 0.14285714285714285, 0.12903225806451613, 0.1724137931034483, 0.18181818181818182, 0.08695652173913043, 0.14814814814814814, 0.17391304347826086, 0.08333333333333333, 0.10714285714285714, 0.22727272727272727, 0.12121212121212122, 0.14814814814814814, 0.14285714285714285, 0.1, 0.16666666666666666, 0.18518518518518517, 0.2631578947368421, 0.06451612903225806], [0.11428571428571428, 0.10810810810810811, 0.11428571428571428, 0.1111111111111111, 0.1, 0.1, 0.12903225806451613, 0.15384615384615385, 0.13333333333333333, 0.1388888888888889, 0.0, 0.13333333333333333, -1.0, 0.10810810810810811, 0.10344827586206896, 0.1, 0.0967741935483871, 0.07142857142857142, 0.15384615384615385, 0.12121212121212122, 0.16, 0.11428571428571428, 0.16216216216216217, 0.10526315789473684, 0.12903225806451613, 0.1, 0.14705882352941177, 0.0975609756097561, 0.16, 0.14814814814814814, 0.12121212121212122, 0.14814814814814814, 0.06666666666666667, 0.06666666666666667, 0.11538461538461539, 0.15384615384615385, 0.12903225806451613, 0.15384615384615385, 0.09090909090909091, 0.13043478260869565, 0.18518518518518517, 0.1, 0.0975609756097561, 0.09375, 0.0975609756097561, 0.14285714285714285, 0.13793103448275862, 0.14705882352941177, 0.1388888888888889, 0.16, 0.12903225806451613, 0.09302325581395349, 0.1282051282051282, 0.10714285714285714, 0.1111111111111111, 0.14634146341463414, 0.07407407407407407, 0.10526315789473684, 0.1111111111111111, 0.1, 0.06451612903225806, 0.125, 0.10344827586206896, 0.13043478260869565, 0.11428571428571428, 0.07407407407407407, 0.08823529411764706, 0.07407407407407407, 0.10714285714285714, 0.07142857142857142, 0.14285714285714285, 0.09375, 0.13333333333333333, 0.11428571428571428, 0.08695652173913043, 0.06896551724137931, 0.125, 0.13043478260869565, 0.10714285714285714, 0.17391304347826086, 0.08823529411764706, 0.10714285714285714, 0.09090909090909091, 0.06451612903225806, 0.12, 0.14285714285714285, 0.14285714285714285, 0.06451612903225806], [0.06976744186046512, 0.06666666666666667, 0.12195121951219512, 0.15625, 0.13333333333333333, 0.08108108108108109, 0.23529411764705882, 0.08823529411764706, 0.07894736842105263, 0.11627906976744186, 0.0, 0.1388888888888889, 0.10810810810810811, -1.0, 0.14705882352941177, 0.08108108108108109, 0.10810810810810811, 0.05714285714285714, 0.15555555555555556, 0.1, 0.125, 0.09523809523809523, 0.08695652173913043, 0.08888888888888889, 0.07692307692307693, 0.21212121212121213, 0.1794871794871795, 0.08333333333333333, 0.09090909090909091, 0.11764705882352941, 0.07317073170731707, 0.08571428571428572, 0.05405405405405406, 0.05405405405405406, 0.09090909090909091, 0.12121212121212122, 0.3125, 0.08823529411764706, 0.10256410256410256, 0.1, 0.08333333333333333, 0.08108108108108109, 0.15555555555555556, 0.13513513513513514, 0.18181818181818182, 0.10714285714285714, 0.08108108108108109, 0.12195121951219512, 0.2, 0.058823529411764705, 0.2, 0.058823529411764705, 0.1590909090909091, 0.08571428571428572, 0.15625, 0.125, 0.058823529411764705, 0.225, 0.08823529411764706, 0.1111111111111111, 0.05263157894736842, 0.0625, 0.05405405405405406, 0.13793103448275862, 0.12195121951219512, 0.058823529411764705, 0.15789473684210525, 0.09090909090909091, 0.15151515151515152, 0.05714285714285714, 0.11428571428571428, 0.07692307692307693, 0.07894736842105263, 0.15, 0.06666666666666667, 0.05555555555555555, 0.0967741935483871, 0.06451612903225806, 0.05555555555555555, 0.13333333333333333, 0.07317073170731707, 0.22580645161290322, 0.06896551724137931, 0.08108108108108109, 0.09375, 0.11428571428571428, 0.10714285714285714, 0.1111111111111111], [0.05714285714285714, 0.08333333333333333, 0.05714285714285714, 0.12, 0.13513513513513514, 0.10714285714285714, 0.1, 0.07692307692307693, 0.10344827586206896, 0.08333333333333333, 0.03225806451612903, 0.14285714285714285, 0.10344827586206896, 0.14705882352941177, -1.0, 0.06896551724137931, 0.18518518518518517, 0.07692307692307693, 0.13157894736842105, 0.09375, 0.08, 0.08823529411764706, 0.07894736842105263, 0.1111111111111111, 0.06451612903225806, 0.06896551724137931, 0.15625, 0.04878048780487805, 0.125, 0.07407407407407407, 0.06060606060606061, 0.16, 0.1111111111111111, 0.07142857142857142, 0.08, 0.07692307692307693, 0.17857142857142858, 0.12, 0.0625, 0.09090909090909091, 0.1111111111111111, 0.06896551724137931, 0.13157894736842105, 0.13793103448275862, 0.075, 0.15789473684210525, 0.06896551724137931, 0.08823529411764706, 0.11428571428571428, 0.08, 0.1, 0.046511627906976744, 0.16666666666666666, 0.07407407407407407, 0.12, 0.125, 0.125, 0.08108108108108109, 0.12, 0.14814814814814814, 0.10714285714285714, 0.08695652173913043, 0.07142857142857142, 0.09090909090909091, 0.08823529411764706, 0.038461538461538464, 0.09375, 0.125, 0.16, 0.07692307692307693, 0.1111111111111111, 0.1, 0.10344827586206896, 0.1935483870967742, 0.09523809523809523, 0.16, 0.08695652173913043, 0.09090909090909091, 0.07407407407407407, 0.08695652173913043, 0.09375, 0.11538461538461539, 0.15789473684210525, 0.06896551724137931, 0.13043478260869565, 0.07142857142857142, 0.1, 0.06896551724137931], [0.08571428571428572, 0.08108108108108109, 0.11764705882352941, 0.11538461538461539, 0.10256410256410256, 0.10344827586206896, 0.13333333333333333, 0.16, 0.1, 0.1111111111111111, 0.03125, 0.13793103448275862, 0.1, 0.08108108108108109, 0.06896551724137931, -1.0, 0.1, 0.07407407407407407, 0.1, 0.09090909090909091, 0.16666666666666666, 0.08571428571428572, 0.13513513513513514, 0.1388888888888889, 0.21428571428571427, 0.10344827586206896, 0.11764705882352941, 0.07317073170731707, 0.12, 0.1111111111111111, 0.058823529411764705, 0.1111111111111111, 0.10714285714285714, 0.10714285714285714, 0.12, 0.11538461538461539, 0.13333333333333333, 0.16, 0.09375, 0.13636363636363635, 0.10714285714285714, 0.14285714285714285, 0.1282051282051282, 0.1724137931034483, 0.2222222222222222, 0.09523809523809523, 0.18518518518518517, 0.11764705882352941, 0.1111111111111111, 0.07692307692307693, 0.13333333333333333, 0.12195121951219512, 0.10256410256410256, 0.1111111111111111, 0.2608695652173913, 0.06976744186046512, 0.07692307692307693, 0.10810810810810811, 0.11538461538461539, 0.14285714285714285, 0.10344827586206896, 0.08333333333333333, 0.14814814814814814, 0.13636363636363635, 0.08571428571428572, 0.07692307692307693, 0.09090909090909091, 0.16666666666666666, 0.1111111111111111, 0.11538461538461539, 0.10714285714285714, 0.13333333333333333, 0.13793103448275862, 0.11764705882352941, 0.09090909090909091, 0.1111111111111111, 0.13043478260869565, 0.08695652173913043, 0.1111111111111111, 0.13043478260869565, 0.09090909090909091, 0.15384615384615385, 0.09523809523809523, 0.10344827586206896, 0.125, 0.14814814814814814, 0.2777777777777778, 0.06666666666666667], [0.11428571428571428, 0.10810810810810811, 0.11428571428571428, 0.07142857142857142, 0.1, 0.17857142857142858, 0.12903225806451613, 0.07142857142857142, 0.13333333333333